% -------------------------------------------------------------------
%  Generated by MATLAB on 20-Apr-2023 13:39:22
%  MATLAB version: 9.6.0.1072779 (R2019a)
% -------------------------------------------------------------------
                                         

smiData = struct;
smiData.RigidTransform = struct;
smiData.RigidTransform(1).translation = ...
  [1.3577530373185076 0.15748032244054461 0.57233507236200865];
smiData.RigidTransform(1).angle = 2.0943951023931953;
smiData.RigidTransform(1).axis = [0.57735026918962584 -0.57735026918962584 ...
                                  0.57735026918962584];
smiData.RigidTransform(1).ID = 'B[Gear2-2:-:Gear1-1]';
smiData.RigidTransform(2).translation = ...
  [0.084947581141195633 0.15748032244132942 -0.36784092889088549];
smiData.RigidTransform(2).angle = 2.6197977743201446;
smiData.RigidTransform(2).axis = [0.2669827206131053 0.68143973574109906 ...
                                  -0.68143973574126537];
smiData.RigidTransform(2).ID = 'F[Gear2-2:-:Gear1-1]';
smiData.RigidTransform(3).translation = ...
  [0.19685041680052071 1.1023622387506842 2.0472439872383825];
smiData.RigidTransform(3).angle = 2.0943951023931953;
smiData.RigidTransform(3).axis = [0.57735026918962584 -0.57735026918962584 ...
                                  0.57735026918962584];
smiData.RigidTransform(3).ID = 'B[Palm-1:-:Gear1-1]';
smiData.RigidTransform(4).translation = ...
  [0.57258847406280289 -1.8540724511240114E-14 0.57226739567381446];
smiData.RigidTransform(4).angle = 2.0943951023931953;
smiData.RigidTransform(4).axis = [0.57735026918962584 -0.57735026918962618 ...
                                  0.5773502691896254];
smiData.RigidTransform(4).ID = 'F[Palm-1:-:Gear1-1]';
smiData.RigidTransform(5).translation = ...
  [1.7829651497011132 0.15748032244054297 0.57233529765025959];
smiData.RigidTransform(5).angle = 2.0943951023931953;
smiData.RigidTransform(5).axis = [0.57735026918962584 -0.57735026918962584 ...
                                  0.57735026918962584];
smiData.RigidTransform(5).ID = 'B[Gear1-1:-:Gripper-2]';
smiData.RigidTransform(6).translation = ...
  [-0.15748032244056476 0.19689667813668887 2.3743002991049469];
smiData.RigidTransform(6).angle = 2.0943951023931953;
smiData.RigidTransform(6).axis = [0.57735026918962551 0.57735026918962584 ...
                                  0.57735026918962606];
smiData.RigidTransform(6).ID = 'F[Gear1-1:-:Gripper-2]';
smiData.RigidTransform(7).translation = ...
  [1.2559053267906353 0 2.0472440452150811];
smiData.RigidTransform(7).angle = 2.0943951023931953;
smiData.RigidTransform(7).axis = [-0.57735026918962584 -0.57735026918962584 ...
                                  -0.57735026918962584];
smiData.RigidTransform(7).ID = 'B[Palm-1:-:Gear2-2]';
smiData.RigidTransform(8).translation = ...
  [1.3577530373168971 -1.1023622387514889 0.57233507236649217];
smiData.RigidTransform(8).angle = 2.094395102393487;
smiData.RigidTransform(8).axis = [-0.57735026918972276 -0.57735026918967958 ...
                                  -0.57735026918947485];
smiData.RigidTransform(8).ID = 'F[Palm-1:-:Gear2-2]';
smiData.RigidTransform(9).translation = ...
  [0.15754802173966292 0.15748032244054461 0.73060724961137558];
smiData.RigidTransform(9).angle = 2.0943951023931953;
smiData.RigidTransform(9).axis = [0.57735026918962584 -0.57735026918962584 ...
                                  0.57735026918962584];
smiData.RigidTransform(9).ID = 'B[Gear2-2:-:Gripper-1]';
smiData.RigidTransform(10).translation = ...
  [0.49212600991898725 0.19689667811977274 2.3743002990965238];
smiData.RigidTransform(10).angle = 2.0943951023935448;
smiData.RigidTransform(10).axis = [-0.57735026918953125 -0.57735026918974219 ...
                                   0.57735026918960386];
smiData.RigidTransform(10).ID = 'F[Gear2-2:-:Gripper-1]';
smiData.RigidTransform(11).translation = ...
  [0 1.8110236220472442 0];
smiData.RigidTransform(11).angle = 2.0943951023931953;
smiData.RigidTransform(11).axis = [-0.57735026918962584 -0.57735026918962584 ...
                                   -0.57735026918962584];
smiData.RigidTransform(11).ID = 'B[Base-6:-:Waist-2]';
smiData.RigidTransform(12).translation = ...
  [1.9094488038429778 -0.39370078740157455 1.9094488128783229];
smiData.RigidTransform(12).angle = 2.0943951023931953;
smiData.RigidTransform(12).axis = [-0.57735026918962584 -0.57735026918962584 ...
                                   -0.57735026918962584];
smiData.RigidTransform(12).ID = 'F[Base-6:-:Waist-2]';
smiData.RigidTransform(13).translation = ...
  [0 0 0];
smiData.RigidTransform(13).angle = 2.0943951023931953;
smiData.RigidTransform(13).axis = [0.57735026918962584 -0.57735026918962584 ...
                                   0.57735026918962584];
smiData.RigidTransform(13).ID = 'B[Base-6:-:]';
smiData.RigidTransform(14).translation = ...
  [0 0 0];
smiData.RigidTransform(14).angle = 3.1415926535897931;
smiData.RigidTransform(14).axis = [0.70710678118654757 -0.70710678118654757 ...
                                   5.5511151231257839E-17];
smiData.RigidTransform(14).ID = 'F[Base-6:-:]';
smiData.RigidTransform(15).translation = ...
  [0.90551193115582651 0 2.8346456409580956];
smiData.RigidTransform(15).angle = 2.0943951023931953;
smiData.RigidTransform(15).axis = [-0.57735026918962584 -0.57735026918962584 ...
                                   -0.57735026918962584];
smiData.RigidTransform(15).ID = 'B[Palm-1:-:Grip link-1]';
smiData.RigidTransform(16).translation = ...
  [0.15772580809010972 1.259842561192249 0.15743891482351269];
smiData.RigidTransform(16).angle = 2.0943951023933596;
smiData.RigidTransform(16).axis = [0.57735026918968047 -0.57735026918975607 ...
                                   0.57735026918944077];
smiData.RigidTransform(16).ID = 'F[Palm-1:-:Grip link-1]';
smiData.RigidTransform(17).translation = ...
  [0.51151981331825058 0 2.8349952108901824];
smiData.RigidTransform(17).angle = 2.0943951023931953;
smiData.RigidTransform(17).axis = [-0.57735026918962584 -0.57735026918962584 ...
                                   -0.57735026918962584];
smiData.RigidTransform(17).ID = 'B[Palm-1:-:Grip link-2]';
smiData.RigidTransform(18).translation = ...
  [0.15772580808142023 -1.1023622387506817 0.15743891480592032];
smiData.RigidTransform(18).angle = 2.094395102393197;
smiData.RigidTransform(18).axis = [-0.57735026918962618 -0.57735026918962562 ...
                                   -0.57735026918962551];
smiData.RigidTransform(18).ID = 'F[Palm-1:-:Grip link-2]';
smiData.RigidTransform(19).translation = ...
  [0.23892575436614466 -0.22943141484710766 1.1023622047244093];
smiData.RigidTransform(19).angle = 3.1415926535897931;
smiData.RigidTransform(19).axis = [1 0 0];
smiData.RigidTransform(19).ID = 'B[Wrist-2:-:Palm-1]';
smiData.RigidTransform(20).translation = ...
  [0.55118111937534575 0.55118091681835613 0.55118102984843309];
smiData.RigidTransform(20).angle = 2.0943951023931957;
smiData.RigidTransform(20).axis = [0.57735026918962584 0.57735026918962584 ...
                                   0.57735026918962562];
smiData.RigidTransform(20).ID = 'F[Wrist-2:-:Palm-1]';
smiData.RigidTransform(21).translation = ...
  [0.00022205078608707678 1.5856883621434488 1.3614761621111964];
smiData.RigidTransform(21).angle = 2.0943951023931953;
smiData.RigidTransform(21).axis = [0.57735026918962584 0.57735026918962584 ...
                                   0.57735026918962584];
smiData.RigidTransform(21).ID = 'B[Waist-2:-:Arm 01-1]';
smiData.RigidTransform(22).translation = ...
  [-0.370643509069868 1.0262861881173342 -1.7517464836572358];
smiData.RigidTransform(22).angle = 1.0623534945633305E-15;
smiData.RigidTransform(22).axis = [-0.56094515584038718 0.82785296528985386 ...
                                   -2.4666791666538541E-16];
